[15, 13]; [14, 12]
-----------------------------------------
[13, 13]; [15, 11]
-----------------------------------------
[15, 11]; [14, 10]
-----------------------------------------
[9, 13]; [10, 12]
-----------------------------------------
[10, 14]; [12, 12]
-----------------------------------------
[12, 12]; [13, 11]
-----------------------------------------
[10, 12]; [12, 10]
-----------------------------------------
[13, 11]; [15, 9]
-----------------------------------------
[15, 15]; [13, 13]
-----------------------------------------
[14, 14]; [12, 12]
-----------------------------------------
[16, 14]; [15, 13]
-----------------------------------------
[17, 13]; [16, 12]
-----------------------------------------
[15, 13]; [13, 11]
-----------------------------------------
[13, 15]; [14, 14]
-----------------------------------------
[12, 14]; [16, 14]
-----------------------------------------
[12, 16]; [13, 15]
-----------------------------------------
[14, 10]; [12, 8]
-----------------------------------------
[13, 17]; [15, 15]
-----------------------------------------
[14, 12]; [10, 12]
-----------------------------------------
[13, 11]; [14, 10]
-----------------------------------------
[12, 12]; [13, 11]
-----------------------------------------
[11, 15]; [12, 14]
-----------------------------------------
[14, 10]; [10, 10]
-----------------------------------------
[10, 12]; [12, 12]
-----------------------------------------
[14, 14]; [10, 14]
-----------------------------------------
[14, 16]; [12, 16]
-----------------------------------------
[12, 10]; [14, 8]
-----------------------------------------
[10, 10]; [11, 9]
-----------------------------------------
[10, 14]; [14, 14]
-----------------------------------------
[12, 16]; [14, 16]
-----------------------------------------
[15, 15]; [11, 15]
-----------------------------------------
[16, 14]; [15, 13]
-----------------------------------------
[12, 12]; [14, 10]
-----------------------------------------
[12, 8]; [13, 7]
-----------------------------------------
[13, 11]; [12, 10]
-----------------------------------------
[13, 7]; [14, 6]
-----------------------------------------
[11, 13]; [12, 12]
-----------------------------------------
[16, 12]; [15, 11]
-----------------------------------------
[12, 12]; [13, 11]
-----------------------------------------
[14, 6]; [13, 5]
-----------------------------------------
[14, 16]; [12, 16]
-----------------------------------------
[14, 14]; [12, 12]
-----------------------------------------
[11, 15]; [15, 15]
-----------------------------------------
[13, 13]; [14, 12]
-----------------------------------------
[15, 13]; [13, 13]
-----------------------------------------
[14, 10]; [12, 8]
-----------------------------------------
[15, 11]; [14, 10]
-----------------------------------------
[14, 10]; [10, 10]
-----------------------------------------
[14, 12]; [10, 12]
-----------------------------------------
[12, 16]; [14, 14]
-----------------------------------------
[14, 14]; [10, 14]
-----------------------------------------
[12, 14]; [14, 12]
-----------------------------------------
[15, 15]; [14, 14]
-----------------------------------------
[14, 8]; [13, 7]
-----------------------------------------
[12, 10]; [14, 8]
-----------------------------------------
[12, 12]; [14, 10]
-----------------------------------------
[13, 13]; [15, 11]
-----------------------------------------
[14, 14]; [13, 13]
-----------------------------------------
[13, 15]; [14, 14]
-----------------------------------------
[14, 12]; [12, 10]
-----------------------------------------
[10, 12]; [12, 12]
-----------------------------------------
[13, 13]; [14, 12]
-----------------------------------------
[14, 8]; [12, 6]
-----------------------------------------
[11, 9]; [15, 9]
-----------------------------------------
[13, 11]; [11, 9]
-----------------------------------------
[15, 11]; [13, 11]
-----------------------------------------
[12, 6]; [14, 4]
-----------------------------------------
[12, 8]; [14, 6]
-----------------------------------------
[10, 10]; [12, 8]
-----------------------------------------
[10, 14]; [11, 13]
-----------------------------------------
[13, 7]; [15, 5]
-----------------------------------------
[11, 13]; [13, 13]
-----------------------------------------
[15, 5]; [13, 3]
-----------------------------------------
[14, 10]; [10, 10]
-----------------------------------------
[12, 8]; [13, 7]
-----------------------------------------
[12, 12]; [14, 10]
-----------------------------------------
[14, 14]; [12, 12]
-----------------------------------------
[10, 10]; [12, 8]
-----------------------------------------
[14, 4]; [12, 2]
-----------------------------------------
[13, 11]; [11, 9]
-----------------------------------------
[14, 12]; [13, 11]
-----------------------------------------
[14, 6]; [12, 4]
-----------------------------------------
[13, 3]; [14, 2]
-----------------------------------------
[12, 4]; [13, 3]
-----------------------------------------
[13, 3]; [15, 3]
-----------------------------------------
[15, 3]; [13, 1]
-----------------------------------------
[13, 11]; [9, 11]
-----------------------------------------
[13, 5]; [12, 4]
-----------------------------------------
[12, 8]; [11, 7]
-----------------------------------------
[15, 9]; [14, 8]
-----------------------------------------
[14, 8]; [12, 6]
-----------------------------------------
[9, 11]; [10, 10]
-----------------------------------------
[14, 10]; [12, 8]
-----------------------------------------
[11, 9]; [10, 8]
-----------------------------------------
[12, 4]; [11, 3]
-----------------------------------------
[10, 10]; [11, 9]
-----------------------------------------
[15, 9]; [14, 8]
-----------------------------------------
[12, 2]; [13, 3]
-----------------------------------------
[12, 8]; [14, 6]
-----------------------------------------
[10, 8]; [12, 8]
-----------------------------------------
[12, 6]; [13, 5]
-----------------------------------------
[11, 9]; [15, 9]
-----------------------------------------
[14, 2]; [12, 4]
-----------------------------------------
[13, 13]; [11, 13]
-----------------------------------------
[12, 12]; [13, 11]
-----------------------------------------
[12, 10]; [11, 9]
-----------------------------------------
[13, 5]; [11, 5]
-----------------------------------------
[11, 13]; [12, 12]
-----------------------------------------
[14, 6]; [13, 5]
-----------------------------------------
[12, 4]; [14, 2]
-----------------------------------------
[14, 2]; [12, 4]
-----------------------------------------
[15, 9]; [11, 9]
-----------------------------------------
[11, 5]; [15, 5]
-----------------------------------------
[11, 9]; [15, 9]
-----------------------------------------
[15, 5]; [14, 4]
-----------------------------------------
[13, 5]; [11, 5]
-----------------------------------------
[11, 7]; [12, 6]
-----------------------------------------
[12, 8]; [14, 6]
-----------------------------------------
[15, 9]; [11, 9]
-----------------------------------------
[12, 4]; [14, 2]
-----------------------------------------
[14, 2]; [12, 4]
-----------------------------------------
[13, 7]; [11, 7]
-----------------------------------------
[12, 6]; [13, 5]
-----------------------------------------
[11, 9]; [12, 8]
-----------------------------------------
[12, 12]; [14, 10]
-----------------------------------------
[13, 5]; [9, 5]
-----------------------------------------
[11, 9]; [13, 7]
-----------------------------------------
[14, 8]; [12, 6]
-----------------------------------------
[14, 10]; [12, 10]
-----------------------------------------
[12, 10]; [14, 8]
-----------------------------------------
[14, 4]; [12, 2]
-----------------------------------------
[11, 5]; [13, 5]
-----------------------------------------
[11, 7]; [15, 7]
-----------------------------------------
[12, 4]; [14, 2]
-----------------------------------------
[13, 5]; [14, 4]
-----------------------------------------
[14, 8]; [16, 6]
-----------------------------------------
[14, 4]; [15, 3]
-----------------------------------------
[16, 6]; [15, 5]
-----------------------------------------
[13, 11]; [12, 10]
-----------------------------------------
[9, 5]; [10, 4]
-----------------------------------------
[12, 6]; [13, 5]
-----------------------------------------
[14, 6]; [12, 4]
-----------------------------------------
[15, 5]; [14, 4]
-----------------------------------------
[15, 7]; [16, 6]
-----------------------------------------
[12, 10]; [14, 8]
-----------------------------------------
[11, 9]; [15, 9]
-----------------------------------------
[13, 7]; [14, 6]
-----------------------------------------
[15, 9]; [16, 8]
-----------------------------------------
[16, 6]; [17, 5]
-----------------------------------------
[17, 5]; [16, 4]
-----------------------------------------
[12, 8]; [11, 7]
-----------------------------------------
[13, 5]; [12, 6]
-----------------------------------------
[14, 6]; [13, 5]
-----------------------------------------
[12, 6]; [11, 5]
-----------------------------------------
[13, 5]; [12, 6]
-----------------------------------------
[11, 5]; [10, 6]
-----------------------------------------
[10, 6]; [9, 5]
-----------------------------------------
[11, 7]; [13, 5]
-----------------------------------------
[14, 8]; [13, 7]
-----------------------------------------
[12, 6]; [11, 5]
-----------------------------------------
[13, 7]; [14, 6]
-----------------------------------------
[16, 8]; [15, 7]
-----------------------------------------
[13, 5]; [15, 5]
-----------------------------------------
[14, 6]; [13, 5]
-----------------------------------------
[15, 7]; [16, 6]
-----------------------------------------
[16, 6]; [17, 5]
-----------------------------------------
Total move: 245

Checker 0 Move From [9, 13] to [14, 2].
Checker 1 Move From [11, 13] to [12, 4].
Checker 2 Move From [13, 13] to [11, 3].
Checker 3 Move From [15, 13] to [13, 1].
Checker 4 Move From [17, 13] to [16, 4].
Checker 5 Move From [10, 14] to [12, 2].
Checker 6 Move From [12, 14] to [11, 5].
Checker 7 Move From [14, 14] to [13, 3].
Checker 8 Move From [16, 14] to [9, 5].
Checker 9 Move From [11, 15] to [17, 5].
Checker 10 Move From [13, 15] to [10, 4].
Checker 11 Move From [15, 15] to [15, 3].
Checker 12 Move From [12, 16] to [13, 5].
Checker 13 Move From [14, 16] to [14, 4].
Checker 14 Move From [13, 17] to [15, 5].
