[22, 6]; [20, 8]
-----------------------------------------
[20, 6]; [19, 7]
-----------------------------------------
[19, 7]; [18, 8]
-----------------------------------------
[23, 5]; [22, 6]
-----------------------------------------
[21, 5]; [20, 6]
-----------------------------------------
[21, 7]; [19, 9]
-----------------------------------------
[22, 6]; [21, 7]
-----------------------------------------
[19, 9]; [18, 10]
-----------------------------------------
[20, 6]; [19, 7]
-----------------------------------------
[20, 8]; [19, 9]
-----------------------------------------
[21, 7]; [20, 8]
-----------------------------------------
[18, 8]; [17, 9]
-----------------------------------------
[22, 8]; [21, 9]
-----------------------------------------
[23, 7]; [22, 8]
-----------------------------------------
[21, 9]; [20, 10]
-----------------------------------------
[20, 8]; [18, 8]
-----------------------------------------
[18, 10]; [16, 8]
-----------------------------------------
[22, 8]; [21, 9]
-----------------------------------------
[18, 8]; [16, 10]
-----------------------------------------
[21, 9]; [19, 11]
-----------------------------------------
[19, 9]; [18, 10]
-----------------------------------------
[20, 10]; [19, 9]
-----------------------------------------
[16, 8]; [15, 9]
-----------------------------------------
[18, 10]; [16, 8]
-----------------------------------------
[16, 10]; [14, 8]
-----------------------------------------
[19, 9]; [18, 10]
-----------------------------------------
[18, 10]; [16, 10]
-----------------------------------------
[16, 8]; [14, 10]
-----------------------------------------
[14, 10]; [13, 9]
-----------------------------------------
[14, 8]; [12, 10]
-----------------------------------------
[12, 10]; [11, 9]
-----------------------------------------
[15, 9]; [14, 10]
-----------------------------------------
[14, 10]; [12, 8]
-----------------------------------------
[19, 11]; [18, 10]
-----------------------------------------
[17, 9]; [15, 11]
-----------------------------------------
[15, 11]; [14, 10]
-----------------------------------------
[13, 9]; [12, 10]
-----------------------------------------
[18, 10]; [17, 9]
-----------------------------------------
[14, 10]; [13, 9]
-----------------------------------------
[16, 10]; [15, 9]
-----------------------------------------
[13, 9]; [11, 11]
-----------------------------------------
[15, 9]; [14, 10]
-----------------------------------------
[11, 11]; [10, 10]
-----------------------------------------
[14, 10]; [13, 9]
-----------------------------------------
[12, 10]; [10, 8]
-----------------------------------------
[10, 10]; [9, 9]
-----------------------------------------
[19, 7]; [18, 8]
-----------------------------------------
[18, 8]; [16, 10]
-----------------------------------------
[13, 9]; [12, 10]
-----------------------------------------
[12, 10]; [10, 10]
-----------------------------------------
[11, 9]; [9, 11]
-----------------------------------------
[16, 10]; [15, 9]
-----------------------------------------
[10, 8]; [8, 10]
-----------------------------------------
[17, 9]; [16, 10]
-----------------------------------------
[15, 9]; [14, 10]
-----------------------------------------
[14, 10]; [13, 9]
-----------------------------------------
[13, 9]; [12, 10]
-----------------------------------------
[16, 10]; [15, 9]
-----------------------------------------
[8, 10]; [7, 9]
-----------------------------------------
[12, 10]; [11, 9]
-----------------------------------------
[7, 9]; [6, 10]
-----------------------------------------
[12, 8]; [10, 8]
-----------------------------------------
[11, 9]; [9, 7]
-----------------------------------------
[9, 9]; [8, 10]
-----------------------------------------
[9, 7]; [8, 8]
-----------------------------------------
[8, 8]; [7, 9]
-----------------------------------------
[6, 10]; [5, 9]
-----------------------------------------
[10, 8]; [9, 9]
-----------------------------------------
[15, 9]; [14, 10]
-----------------------------------------
[9, 11]; [7, 11]
-----------------------------------------
[8, 10]; [6, 12]
-----------------------------------------
[7, 11]; [6, 10]
-----------------------------------------
[14, 10]; [13, 11]
-----------------------------------------
[6, 12]; [5, 11]
-----------------------------------------
[10, 10]; [9, 11]
-----------------------------------------
[9, 11]; [8, 10]
-----------------------------------------
[9, 9]; [7, 11]
-----------------------------------------
[6, 10]; [4, 12]
-----------------------------------------
[7, 11]; [6, 10]
-----------------------------------------
[4, 12]; [3, 11]
-----------------------------------------
[6, 10]; [4, 12]
-----------------------------------------
[4, 12]; [6, 10]
-----------------------------------------
[8, 10]; [7, 11]
-----------------------------------------
[5, 11]; [4, 10]
-----------------------------------------
[7, 11]; [6, 12]
-----------------------------------------
[13, 11]; [12, 12]
-----------------------------------------
[6, 12]; [5, 11]
-----------------------------------------
[3, 11]; [4, 12]
-----------------------------------------
[4, 12]; [6, 10]
-----------------------------------------
[6, 10]; [4, 12]
-----------------------------------------
[4, 12]; [6, 10]
-----------------------------------------
[12, 12]; [11, 11]
-----------------------------------------
[11, 11]; [10, 12]
-----------------------------------------
[10, 12]; [9, 11]
-----------------------------------------
[9, 11]; [8, 12]
-----------------------------------------
[8, 12]; [7, 11]
-----------------------------------------
[7, 11]; [6, 12]
-----------------------------------------
[6, 12]; [4, 12]
-----------------------------------------
[4, 12]; [3, 11]
-----------------------------------------
[7, 9]; [8, 10]
-----------------------------------------
[8, 10]; [7, 11]
-----------------------------------------
Total move: 185

Checker 0 Move From [20, 6] to [4, 10].
Checker 1 Move From [21, 5] to [7, 11].
Checker 2 Move From [21, 7] to [6, 10].
Checker 3 Move From [22, 6] to [5, 9].
Checker 4 Move From [23, 5] to [6, 10].
Checker 5 Move From [22, 8] to [5, 11].
Checker 6 Move From [23, 7] to [3, 11].
